100
3538
4254
5620
9516
13978
11035
3013
644
15844
4378
6302
14959
12311
11771
11175
6221
16516
3061
6031
11264
5976
11160
2918
15237
2793
2062
2727
19590
1569
17565
8828
6901
14581
16087
16693
10694
10137
14349
10713
5018
2383
11075
1981
6155
12678
16786
10588
8097
7980
18502
8048
6997
4053
18166
6818
7219
4421
713
11187
19984
16280
12343
4690
915
17251
17784
573
1140
11847
10178
19828
13641
18804
5287
17661
9818
14542
8691
779
7697
19361
15946
9996
11259
2476
11644
18071
4877
16871
13736
18202
10113
2206
8965
13148
15145
3918
13188
12438
10015
