1000
3163
9429
14860
16386
11063
979
8631
10065
15009
9347
17482
15133
4676
15943
19518
15594
8249
1981
12890
18041
14447
3586
8865
7045
10930
3687
19481
15563
13296
13181
2277
5213
18421
14439
8971
6378
6621
14433
12910
4437
19452
14191
588
6564
13479
3381
1575
15406
16555
17508
15604
9035
131
4278
16440
10427
15175
7279
17617
4068
3588
3942
6245
9090
15750
1719
11885
18405
4262
5804
16583
10228
7760
6603
12672
8343
11397
462
6940
11641
17734
3952
5059
16277
3265
18483
669
2152
8114
6578
14690
15355
5574
18611
5876
12627
16332
2972
15688
8134
1449
1343
9969
15462
14506
14043
11424
9589
110
17859
13080
11937
18009
1936
7154
4534
10477
13120
8262
11731
3411
12916
10602
4233
4995
246
7636
16380
11763
3313
16865
348
6156
10448
17140
18978
18703
14551
2196
4152
6154
2933
294
2665
11102
354
6214
10427
4930
5378
19930
13530
15452
18458
17015
2416
5361
6554
14697
6448
6344
12716
6173
14021
14787
12237
10504
3546
12444
19650
11924
12776
16499
10542
19313
12247
15219
15382
19288
11430
12908
2804
762
2556
7200
13684
15662
18700
12706
14843
1549
15727
16867
10486
17959
1702
19674
1259
6985
14641
17633
3280
19195
4633
10458
4401
936
19903
19478
18353
10755
5840
13598
11239
15814
2261
10276
5016
19007
13823
16957
11547
13387
2840
8300
327
6539
9627
12860
16162
212
4485
6803
2440
15232
9524
15466
3871
11003
17230
17899
13530
1303
14861
13472
12307
19935
4705
13567
4660
19710
8252
12283
10491
3237
6175
8377
16426
17801
10551
11668
10147
1942
8024
7920
3989
15340
19060
14076
345
16988
14237
3852
17621
6023
2722
8501
3656
13604
19982
15650
8424
10591
16538
14128
6062
2697
18166
13962
17813
8290
437
19830
1601
4965
12750
18883
3919
6884
266
10389
1967
6913
12923
6811
14610
8373
3842
13374
7532
7507
15551
4123
12473
7381
11459
7130
3661
18122
7029
14704
2831
4872
3429
17813
3900
4706
737
877
1758
5023
4495
17011
19682
6952
16066
5764
5551
13428
5203
19344
7450
4340
3322
11873
9393
5161
396
2397
3297
6598
350
17274
234
15355
17669
2375
1629
6235
9461
19529
3792
12969
16529
15006
5574
13511
6471
5043
5260
11886
10598
9419
9745
148
3814
13485
1936
15681
5700
19017
9080
17670
10916
3148
3566
11178
3589
10273
19763
7911
18957
10368
13164
13792
7573
4649
17550
4730
7926
5455
6388
15087
8387
18982
13172
18023
8861
18736
16077
2484
17446
1546
18188
15808
17096
17826
12018
13682
15384
18463
10146
9174
3270
5856
2544
4162
3844
15269
3297
5787
8309
18371
15226
4797
1394
4919
1186
10893
6436
766
7993
3840
8261
4903
19003
9251
14106
11469
4206
15516
521
10690
9139
16775
3738
6662
3076
2063
14793
16999
6874
19789
13506
218
325
6858
598
7882
7088
14707
4147
17253
8688
16126
15037
19892
18448
14850
15957
15942
17570
7363
18989
403
17122
12491
17914
11542
6454
8331
984
9016
8538
6984
6673
1221
10916
6280
17303
11654
13758
4172
15028
2761
952
12007
13712
16527
104
12699
13979
12619
15164
15599
9360
17456
13652
4327
9196
4976
10615
16729
2533
2614
6137
6962
10382
13147
18349
2574
5515
6714
19426
8261
5224
19943
19155
13938
6064
14225
9540
135
634
15013
19256
18986
3227
10661
12698
5633
17435
19183
10524
267
9285
9872
2786
13777
11967
11175
16034
16351
17717
8800
983
796
19406
4015
18298
3879
11702
10680
19167
4894
9981
19166
19316
19929
16305
5112
925
13605
16390
15981
14558
19535
2646
19325
4730
7527
14292
19284
19115
11747
1968
7514
9433
12764
754
157
9560
5807
10806
10208
6945
11047
3552
17421
11240
14695
18513
4556
14362
3941
11921
8258
3499
6486
17858
18157
11626
3789
13945
5583
6718
8069
19458
12929
4805
17157
12624
18871
6961
17286
11253
10375
15989
10766
14560
10654
12457
3874
17575
8313
1272
15624
1512
11897
14054
2871
17905
17568
16593
18850
4623
14198
7509
14481
2400
3242
14246
4354
16523
16416
3838
633
10978
214
16484
590
19635
12947
19660
400
13132
10548
2643
598
5140
19129
16872
6960
16537
3944
14098
11296
3858
4379
1706
11040
2940
3570
18889
5518
1488
5926
9965
1109
17178
6096
19793
3473
10049
9727
12576
3538
16755
1427
19615
17382
9768
12989
307
8838
2485
5708
4027
14619
11857
11076
13458
16729
6620
16775
3749
10315
2725
6535
10109
7872
8869
19940
18605
1164
15481
2346
11510
16761
7202
16335
18866
3942
15175
18382
18333
6149
3681
12605
360
4385
16805
15693
18873
10533
13454
969
16570
18557
3735
9867
6214
16302
4762
1538
18924
1340
136
7879
3457
14101
11261
13289
10572
9755
4774
16292
16252
1494
12254
17281
7959
563
12504
17693
15085
4685
12148
6460
7723
16089
17250
1978
10096
8472
1781
2460
17654
16031
6540
12752
7901
15183
1855
9482
2097
19636
4686
4132
7715
10896
6615
19959
10662
6966
10788
8870
11112
11076
4196
5330
5428
8741
3276
12220
14392
10965
17437
12277
14332
9770
12755
5270
9751
10397
14271
11599
17659
10515
9976
1156
10014
13053
3020
18375
2701
2792
14989
8591
284
1215
9207
15183
3795
15947
17776
10037
8728
17666
12821
5756
13288
15156
17141
2337
16753
14287
12426
13712
15603
1639
7606
9338
16001
10576
17509
3484
18782
1720
1668
10088
8948
17674
7550
10690
9637
82
5060
1478
2367
15104
15907
5628
15742
15562
8411
16045
16024
11306
9360
17886
18249
6921
10154
2373
8723
9754
5512
1050
13144
16845
14700
16015
13881
8954
9038
11320
14779
18216
18158
10572
18588
5257
5890
1924
4223
18319
17804
16435
18532
1451
13970
15704
10543
445
3143
1331
1051
3757
13621
2504
8403
17290
7630
14891
18491
2346
15293
10483
14139
11147
17674
10945
13020
4070
19122
12114
3595
8086
9274
19230
8136
4635
3645
929
4111
10910
19403
11390
11439
3106
16842
5147
12361
8055
9843
10332
4381
17329
2192
14036
652
17700
11984
14722
19282
12065
7285
7003
2558
17258
5750
3056
6920
15318
17064
13129
5399
1786
17571
