100
16398
16399
16400
16407
16411
16417
16428
16429
16432
16434
16440
16455
16461
16473
16477
16489
16490
16499
16501
16516
16521
16541
16558
16563
16571
16572
16584
16602
16606
16607
16623
16630
16634
16643
16650
16651
16656
16660
16667
16679
16695
16707
16717
16730
16745
16754
16767
16783
16797
16802
16818
16833
16840
16852
16870
16874
16875
16882
16890
16905
16914
16921
16922
16939
16948
16968
16985
16992
16999
17014
17018
17026
17028
17048
17058
17063
17064
17082
17097
17109
17119
17136
17153
17155
17157
17162
17181
17201
17210
17212
17220
17232
17234
17254
17256
17265
17279
17297
17312
17326
