100
19298
19286
19266
19251
19245
19242
19229
19215
19210
19205
19191
19184
19177
19169
19158
19148
19135
19132
19126
19118
19099
19090
19074
19056
19043
19032
19019
19017
19004
18990
18989
18987
18985
18976
18974
18964
18954
18938
18934
18920
18911
18905
18904
18893
18881
18877
18864
18850
18832
18820
18812
18804
18802
18793
18783
18768
18757
18740
18726
18723
18722
18703
18702
18689
18680
18669
18653
18652
18634
18622
18616
18598
18591
18589
18588
18584
18565
18550
18532
18530
18519
18508
18493
18480
18469
18455
18448
18437
18427
18424
18407
18391
18385
18368
18361
18351
18347
18336
18334
18332
