750
20
9006
2442
28873
30724
18328
1
5249
30858
13074
15046
31796
29438
20308
25187
12913
25156
500
32705
14750
18815
17441
27994
7806
23575
27123
32598
2421
14000
3303
28285
25401
9728
29292
10194
27855
3775
13544
17012
28136
12974
1193
3270
7537
18136
29982
29902
30822
16151
10823
20443
31463
29403
31338
17771
28557
32551
22536
24907
18686
2524
6159
4352
14783
19002
26705
4198
32330
31396
2613
2455
3425
6051
9644
27662
8865
4142
18535
16141
22362
19241
25928
29499
15774
9771
26646
30610
12696
20868
12660
5496
21791
11647
3860
22572
27019
3300
1064
868
31688
193
30233
23861
5801
4458
4476
20274
28542
2239
31554
8920
16616
12717
8750
23850
18412
12536
17549
32152
5959
23351
32289
9253
13569
11296
29278
25289
13893
17157
26329
15892
19824
2207
25085
8469
32360
25099
8703
18554
27951
5394
21
26872
31416
16813
5091
5358
9209
5320
11062
9541
22337
6215
27125
10650
13260
17479
9813
9119
26517
13734
21835
4542
8043
11717
6983
3328
15687
16268
21791
32302
18653
19887
11593
11830
20081
15920
4430
13775
8172
1830
7035
4192
11311
30908
17626
22046
24743
26748
29537
24949
18721
8654
14440
25514
25056
16315
21345
11454
20461
21495
19651
10901
29615
32543
15687
25432
2491
24127
5463
28439
19949
29079
30915
13491
21688
24735
695
28155
3770
16200
1514
14101
10900
14469
7447
11552
18680
16906
8113
24599
14084
15699
20179
7160
8910
10729
20086
19750
32320
19681
16102
1036
1062
29093
2679
23556
4997
10231
15219
18807
21806
9010
28248
4933
24468
7891
13376
31591
19675
27705
31137
23251
30513
3497
17718
13471
20321
661
25405
1130
421
10526
20707
19448
23740
22743
31741
9244
12093
6860
11000
21723
3883
8899
8467
14542
16329
28097
21195
28616
10672
10704
16023
9401
6430
19200
15830
27346
13969
29100
25094
30186
28053
1534
12854
12833
13786
11445
23742
32451
29321
31014
12589
4207
23512
129
30339
15992
9949
12886
29089
16267
24479
6744
12285
6546
10611
28512
27290
18649
22918
5045
5432
25199
8118
27274
28104
13776
12710
9928
8226
12736
11281
30478
20986
4218
7774
13046
11024
3850
29813
28059
11688
13304
13010
4440
29498
26918
14551
26834
8554
27899
32103
14648
11066
24257
31152
20937
12927
27212
13896
13463
7570
22237
11900
15499
13639
32070
32229
25770
24355
26958
3132
5270
18377
10838
11118
5720
4534
5949
23539
6492
23598
2434
11100
26301
13942
21416
24876
10948
21316
30431
28137
30635
4212
23520
20595
26022
9980
4889
26004
29732
5922
24586
21975
4177
9453
5103
5534
25824
30937
31647
11119
22281
14542
25780
12431
21709
11603
32236
16338
22657
18176
5839
18097
17802
6193
658
27805
614
5890
8764
1171
29676
15223
23047
15601
15828
19962
30217
392
27769
31243
16915
17394
27614
31027
22746
7717
28655
27193
28244
841
12810
10393
6501
29383
10174
14386
24763
24995
5843
6463
3831
19979
10890
6280
4621
12592
28197
28634
27117
17236
20650
19124
27235
17956
5605
835
21563
18761
22700
11152
2474
7482
615
14073
25065
26708
23503
22494
24611
4652
6901
26012
20881
31012
4742
24255
5860
9788
26190
23411
7395
29483
26876
1084
18517
22191
1829
24807
22817
19233
25483
5057
2228
844
2206
21766
26531
24959
21315
17052
16017
25825
31445
22529
30292
261
23145
8835
19283
5054
24407
1455
20530
27957
16630
9227
946
7736
26022
16392
32210
213
6420
10546
30779
12072
30649
2474
13786
23665
13220
10198
3535
17513
5754
28759
7558
9431
25787
23611
26147
30046
1606
1908
22820
20889
6176
2953
6209
18794
19313
29324
27799
2958
13775
22092
14598
7797
30399
32715
27608
6993
22137
6899
13219
8046
16876
21124
31600
26561
18434
26705
29212
19139
31781
7596
8447
1152
25090
31
21964
2282
18061
28253
25528
20596
10821
26999
32735
21212
8377
1619
15587
9288
18763
4955
27094
26773
17716
18034
22618
4332
20168
1836
19974
6038
22011
10558
9484
11793
17957
11059
24601
4451
22786
19809
13693
30894
6909
5404
21900
20997
1198
4137
28740
16766
19873
27765
15920
5768
23641
14343
4235
11135
30612
23860
11433
25470
7377
12050
30355
14965
8208
6703
12018
7035
30937
19842
18478
29029
24703
28577
5846
9623
9638
13365
24899
282
22787
26027
4728
9199
14179
14125
5197
1699
29935
29393
5325
14884
19886
22544
15068
22995
32587
15993
3613
25562
4121
20646
5650
27584
1876
29552
29829
23355
31402
11615
32551
13637
5369
8804
7288
3953
31323
30667
26598
13696
11616
13419
24889
11055
22938
28960
11054
84
10079
28027
7522
11049
31946
23735
11634
23784
20483
32495
29537
1176
28352
23183
19770
29734
24332
10761
26102
23479
15688
20937
9119
3901
15215
29290
16566
19016
9630
27434
5331
26144
4051
24731
20619
13840
4340
7068
12438
32260
12052
21640
27697
14167
24819
16045
25282
6118
18627
26624
19643
3945
3122
16654
29632
12035
28068
24886
13836
12055
2752
23318
22801
1886
25647
13635
28510
19766
4768
23357
21958
19517
19728
6818
3007
3359
9288
161
27400
16044
6055
11186
655
13614
26401
25988
6289
29689
18056
6455
6147
30019
22026
31180
27953
9270
1020
27866
5541
15684
15318
3458
26442
2235
1662
23460
21201
9113
32713
27475
9556
19105
17727
10375
3385
23470
16926
786
26202
328
31906
5846
4450
15477
18564
9268
23162
16593
704
27848
13094
22241
15004
18515
17257
14501
27622
1528
5680
7276
11901
28076
25838
25068
32531
30184
18051
5522
1328
416
17762
15895
31354
14969
8435
10324
5941
23351
15926
9559
10246
32372
2986
28342
12540
17816
23661
9507
16848
27653
32420
7489
24428
6802
4381
28343
9899
3899
23603
31106
3168
27927
12786
21903
24217
18570
6524
24713
27429
17339
18859
24048
28499
20296
14072
23915
13565
25401
14492
23391
197
17459
2293
20416
13727
10478
9514
7975
20880
21481
20498
8741
10165
30045
15442
14040
31622
26991
8646
4283
24924
9897
16931
15042
2097
28843
8410
32679
20647
8990
29247
11390
21836
10474
1514
24976
18461
29609
12381
25958
18761
1883
30696
11812
6967
28251
2250
5401
22473
10642
13465
26771
2787
28906
228
20472
22055
22533
2326
13842
515
11056
14237
